3,2
3,1
3,3
10,211
10,143
10,135
10,141
10,19
10,129
10,99
10,249
10,2
11,5
9,5
9,7
9,2
9,3
8,11
8,15
8,13
8,2
8,3
49,3
49,1
48,3
48,2
48,1
47,3
47,1
46,3
46,1
44,3
44,1
41,3
41,1
39,3
39,1
37,3
37,1
35,3
35,1
30,3
30,1
27,3
27,1
21,3
21,2
21,1
21,0
20,3
20,2
20,1
19,3
19,2
19,1
12,3
12,2
12,1
11,29
11,28
11,27
11,26
11,25
11,24
11,23
11,22
11,21
11,20
11,19
11,18
11,17
11,16
11,15
11,14
11,13
11,12
11,11
11,10
11,9
11,8
11,7
11,6
18,1
11,4
11,3
18,3
11,2
11,1
10,312
10,310
10,308
10,304
14,1
10,296
14,3
10,295
10,275
13,1
10,268
13,3
10,265
10,256
10,253
10,252
10,244
10,240
10,233
10,222
10,221
